1-32-0.9294271917950855, 0.8603316326530612, 0.8788265306122449, 0.8474784747847478, 0.862867877269881, 0.8934458700454351)
fold1
(7836, 5284)
dataset len 7836
test_index [   0    1    2 ... 1585 1586 1587]
arg train len 12536
test len 1568
(0.8030394236776344, 0.7213010204081632, 0.5625, 0.8242990654205608, 0.66868840030326, 0.8027745327102804)
epoch [1] loss: 0.117501 testing_loss: 0.090097 
(0.8398827962307374, 0.7653061224489796, 0.7142857142857143, 0.7954545454545454, 0.7526881720430108, 0.8262987012987013)
epoch [2] loss: 0.103692 testing_loss: 0.081572 
(0.8633544616826322, 0.7850765306122449, 0.7525510204081632, 0.8049113233287858, 0.7778510217534608, 0.8405934167664336)
epoch [3] loss: 0.097097 testing_loss: 0.075614 
(0.8694066274468971, 0.7927295918367347, 0.7818877551020408, 0.7992177314211213, 0.7904577691811734, 0.8450808044860708)
epoch [4] loss: 0.093230 testing_loss: 0.074569 
(0.8897611021449395, 0.8169642857142857, 0.7857142857142857, 0.8380952380952381, 0.8110599078341014, 0.8654761904761905)
epoch [5] loss: 0.090790 testing_loss: 0.069585 
(0.8790982273011245, 0.8067602040816326, 0.7882653061224489, 0.8185430463576159, 0.8031189083820662, 0.8563378497094203)
epoch [6] loss: 0.089529 testing_loss: 0.070776 
(0.8901596990837152, 0.8201530612244898, 0.7920918367346939, 0.8391891891891892, 0.8149606299212598, 0.867617553778268)
epoch [7] loss: 0.087513 testing_loss: 0.068676 
(0.8897708637026238, 0.8207908163265306, 0.8022959183673469, 0.833112582781457, 0.8174139051332033, 0.8671302709825652)
epoch [8] loss: 0.085697 testing_loss: 0.068618 
(0.8940708298625574, 0.8252551020408163, 0.8354591836734694, 0.81875, 0.827020202020202, 0.8682397959183674)
epoch [9] loss: 0.082652 testing_loss: 0.067560 
(0.9022721652436484, 0.8354591836734694, 0.8507653061224489, 0.8254950495049505, 0.8379396984924623, 0.8754388512830874)
epoch [10] loss: 0.082719 testing_loss: 0.063958 
(0.9034777176176593, 0.8341836734693877, 0.8762755102040817, 0.808235294117647, 0.8408812729498164, 0.8731865246098438)
epoch [11] loss: 0.080184 testing_loss: 0.063889 
(0.9018882106413995, 0.8373724489795918, 0.8380102040816326, 0.8369426751592357, 0.8374760994263862, 0.877973888600026)
epoch [12] loss: 0.078751 testing_loss: 0.064762 
(0.9111340326947104, 0.8380102040816326, 0.8762755102040817, 0.8139810426540285, 0.8439803439803439, 0.8760593988780346)
epoch [13] loss: 0.077491 testing_loss: 0.061017 
(0.9135825567471887, 0.8456632653061225, 0.8711734693877551, 0.8288834951456311, 0.849502487562189, 0.8822351149197543)
epoch [14] loss: 0.077072 testing_loss: 0.062211 
(0.9036078717201166, 0.8373724489795918, 0.8839285714285714, 0.808634772462077, 0.8446069469835467, 0.8752995290881814)
epoch [15] loss: 0.077094 testing_loss: 0.061775 
(0.9140787692628072, 0.8533163265306123, 0.8737244897959183, 0.8394607843137255, 0.85625, 0.8881615146058423)
epoch [16] loss: 0.076002 testing_loss: 0.059003 
(0.9066014160766348, 0.8443877551020408, 0.860969387755102, 0.8333333333333334, 0.8469259723964868, 0.8819090136054423)
epoch [17] loss: 0.073414 testing_loss: 0.060996 
(0.9226038629737608, 0.8571428571428571, 0.9017857142857143, 0.8278688524590164, 0.8632478632478633, 0.8893808548009368)
epoch [18] loss: 0.073207 testing_loss: 0.056218 
(0.9251011948146606, 0.8641581632653061, 0.8775510204081632, 0.8546583850931677, 0.8659534298300818, 0.8967169476486246)
epoch [19] loss: 0.073460 testing_loss: 0.056124 
(0.8985709079550187, 0.8341836734693877, 0.8367346938775511, 0.8324873096446701, 0.8346055979643766, 0.8754273282917228)
epoch [20] loss: 0.071806 testing_loss: 0.064539 
(0.915438879633486, 0.8514030612244898, 0.8698979591836735, 0.8388683886838868, 0.8541014402003757, 0.8869086841378618)
epoch [21] loss: 0.071982 testing_loss: 0.058520 
(0.9228755596626407, 0.8565051020408163, 0.860969387755102, 0.8533501896333755, 0.8571428571428571, 0.8919174417554633)
epoch [22] loss: 0.070211 testing_loss: 0.055522 
(0.9231667794668886, 0.8584183673469388, 0.9005102040816326, 0.8305882352941176, 0.8641370869033048, 0.890421668667467)
epoch [23] loss: 0.068723 testing_loss: 0.055695 
(0.9127739743856726, 0.8565051020408163, 0.8571428571428571, 0.8560509554140128, 0.8565965583173997, 0.8923111919927207)
epoch [24] loss: 0.069612 testing_loss: 0.059770 
