1-34 (0.9241322448096885, 0.8602941176470589, 0.8566176470588235, 0.8629629629629629, 0.8597785977859779, 0.8956358932461873)
2-(0.9430079227262861, 0.8674033149171271, 0.8860294117647058, 0.8546099290780141, 0.8700361010830325, 0.8988647901267007)


fold1 
(0.7688824610726644, 0.71875, 0.5772058823529411, 0.8051282051282052, 0.6723768736616702, 0.7968655731523377)
epoch [1] loss: 0.122535 testing_loss: 0.098912 
(0.838735402249135, 0.7647058823529411, 0.6617647058823529, 0.8333333333333334, 0.7377049180327869, 0.832107843137255)
epoch [2] loss: 0.109903 testing_loss: 0.085238 
(0.8608618079584774, 0.7738970588235294, 0.6507352941176471, 0.8634146341463415, 0.7421383647798742, 0.8443911406025825)
epoch [3] loss: 0.103974 testing_loss: 0.079846 
(0.8732834126297578, 0.7959558823529411, 0.7169117647058824, 0.851528384279476, 0.7784431137724551, 0.8549921333162086)
epoch [4] loss: 0.096518 testing_loss: 0.074704 
(0.8848399653979239, 0.8106617647058824, 0.7536764705882353, 0.8506224066390041, 0.7992202729044834, 0.863730320966561)
epoch [5] loss: 0.094611 testing_loss: 0.070851 
(0.8850427119377162, 0.8161764705882353, 0.7757352941176471, 0.844, 0.8084291187739464, 0.8659338235294117)
epoch [6] loss: 0.091989 testing_loss: 0.070271 
(0.8959504757785468, 0.8143382352941176, 0.7132352941176471, 0.8940092165898618, 0.7934560327198364, 0.8753134318243425)
epoch [7] loss: 0.090178 testing_loss: 0.067506 
(0.8765679065743943, 0.8106617647058824, 0.7941176470588235, 0.8212927756653993, 0.8074766355140187, 0.8591757995974054)
epoch [8] loss: 0.088982 testing_loss: 0.070432 
(0.882298875432526, 0.8161764705882353, 0.7720588235294118, 0.8467741935483871, 0.8076923076923077, 0.8664018026565464)
epoch [9] loss: 0.087589 testing_loss: 0.070021 
(0.8735807742214533, 0.8051470588235294, 0.7426470588235294, 0.8487394957983193, 0.792156862745098, 0.860031512605042)
epoch [10] loss: 0.087572 testing_loss: 0.071569 
(0.895801794982699, 0.8308823529411765, 0.7720588235294118, 0.875, 0.8203125, 0.880514705882353)
epoch [11] loss: 0.084721 testing_loss: 0.065663 
(0.9087370242214533, 0.8419117647058824, 0.8051470588235294, 0.8690476190476191, 0.8358778625954199, 0.885810574229692)
epoch [12] loss: 0.082756 testing_loss: 0.062237 
(0.8998296929065743, 0.8400735294117647, 0.8088235294117647, 0.8627450980392157, 0.8349146110056926, 0.8835784313725491)
epoch [13] loss: 0.080469 testing_loss: 0.064107 
(0.8953557525951557, 0.8290441176470589, 0.7941176470588235, 0.8537549407114624, 0.8228571428571428, 0.875406882120437)
epoch [14] loss: 0.082863 testing_loss: 0.066387 
(0.9061148356401385, 0.8308823529411765, 0.7977941176470589, 0.8543307086614174, 0.8250950570342205, 0.8766138837424735)
epoch [15] loss: 0.078897 testing_loss: 0.062881 
(0.9066284602076125, 0.84375, 0.8676470588235294, 0.8280701754385965, 0.8473967684021544, 0.8809468524251804)
epoch [16] loss: 0.077611 testing_loss: 0.062112 
(0.9090614186851211, 0.8455882352941176, 0.8308823529411765, 0.8560606060606061, 0.8432835820895522, 0.8857508912655971)
epoch [17] loss: 0.078918 testing_loss: 0.061420 
(0.9031006704152249, 0.8419117647058824, 0.8125, 0.86328125, 0.8371212121212122, 0.884765625)
epoch [18] loss: 0.078282 testing_loss: 0.063222 
(0.9100346020761245, 0.8455882352941176, 0.8492647058823529, 0.843065693430657, 0.8461538461538461, 0.8838490231859168)
epoch [19] loss: 0.078593 testing_loss: 0.060890 
(0.9067906574394464, 0.8474264705882353, 0.8492647058823529, 0.8461538461538461, 0.8477064220183487, 0.8853930995475113)
epoch [20] loss: 0.076626 testing_loss: 0.061496 
(0.9109131704152248, 0.8547794117647058, 0.8492647058823529, 0.8587360594795539, 0.8539741219963032, 0.8916842062103651)
epoch [21] loss: 0.074325 testing_loss: 0.060594 
(0.9151302984429065, 0.8584558823529411, 0.8419117647058824, 0.870722433460076, 0.8560747663551402, 0.8958391579065086)
epoch [22] loss: 0.074592 testing_loss: 0.059175 
(0.915157331314879, 0.8584558823529411, 0.8198529411764706, 0.8884462151394422, 0.8527724665391969, 0.8991863428638388)
epoch [23] loss: 0.070428 testing_loss: 0.059224 
(0.9201043468858132, 0.8474264705882353, 0.8088235294117647, 0.8764940239043825, 0.8413001912045889, 0.8904528943051324)
epoch [24] loss: 0.071101 testing_loss: 0.058418 
(0.8974508001730104, 0.8474264705882353, 0.8014705882352942, 0.8825910931174089, 0.8400770712909441, 0.8916631936175281)
epoch [25] loss: 0.074891 testing_loss: 0.063910 
(0.9128054714532872, 0.8566176470588235, 0.8161764705882353, 0.888, 0.8505747126436781, 0.8980441176470587)
epoch [26] loss: 0.068043 testing_loss: 0.059449 
(0.9075070285467127, 0.8566176470588235, 0.8125, 0.8911290322580645, 0.85, 0.8986895161290323)
epoch [27] loss: 0.069815 testing_loss: 0.060781 
(0.9036548442906573, 0.8547794117647058, 0.8602941176470589, 0.850909090909091, 0.8555758683729433, 0.8905280748663102)
epoch [28] loss: 0.072703 testing_loss: 0.062762 
(0.9079801038062283, 0.8584558823529411, 0.8272058823529411, 0.8823529411764706, 0.8538899430740038, 0.8979779411764706)
epoch [29] loss: 0.071766 testing_loss: 0.060411 
(0.9103184472318339, 0.8566176470588235, 0.8566176470588235, 0.8566176470588235, 0.8566176470588235, 0.8924632352941175)
epoch [30] loss: 0.068375 testing_loss: 0.060052 
(0.9154006271626297, 0.8621323529411765, 0.8419117647058824, 0.8773946360153256, 0.8592870544090057, 0.8991752591841333)
epoch [31] loss: 0.070108 testing_loss: 0.057860 
(0.9071285683391004, 0.8584558823529411, 0.8419117647058824, 0.870722433460076, 0.8560747663551402, 0.8958391579065086)
epoch [32] loss: 0.069082 testing_loss: 0.061148 
(0.9217533520761245, 0.8547794117647058, 0.8272058823529411, 0.8754863813229572, 0.8506616257088847, 0.8945446612497139)
epoch [33] loss: 0.070112 testing_loss: 0.057916 
(0.9241322448096885, 0.8602941176470589, 0.8566176470588235, 0.8629629629629629, 0.8597785977859779, 0.8956358932461873)
epoch [34] loss: 0.071517 testing_loss: 0.056962 
(0.9017895761245676, 0.8474264705882353, 0.7977941176470589, 0.8857142857142857, 0.839458413926499, 0.8923056722689076)
epoch [35] loss: 0.067405 testing_loss: 0.062488 
^[[B(0.9189689662629758, 0.8658088235294118, 0.8823529411764706, 0.8540925266903915, 0.8679927667269439, 0.8976344986393133)
epoch [36] loss: 0.067625 testing_loss: 0.057107 
(0.9046550605536332, 0.8547794117647058, 0.8345588235294118, 0.8697318007662835, 0.851782363977486, 0.8935056062654947)
epoch [37] loss: 0.064672 testing_loss: 0.062404 

fold2
(0.7887996527024094, 0.7292817679558011, 0.6838235294117647, 0.7530364372469636, 0.7167630057803468, 0.7976196702538577)
epoch [1] loss: 0.120223 testing_loss: 0.096805 
(0.8320219231604081, 0.7587476979742173, 0.6985294117647058, 0.7949790794979079, 0.7436399217221135, 0.8222606913034984)
epoch [2] loss: 0.108955 testing_loss: 0.086583 
(0.8664260907314955, 0.7845303867403315, 0.7205882352941176, 0.8270042194092827, 0.7701375245579568, 0.8437778111454388)
epoch [3] loss: 0.102857 testing_loss: 0.077491 
(0.8725987627523335, 0.7882136279926335, 0.7426470588235294, 0.8178137651821862, 0.7784200385356455, 0.8446871339181432)
epoch [4] loss: 0.098287 testing_loss: 0.073947 
(0.8872639461688734, 0.7992633517495396, 0.7389705882352942, 0.8410041841004184, 0.786692759295499, 0.8553649183962172)
epoch [5] loss: 0.095440 testing_loss: 0.071391 
(0.9099332537443021, 0.8342541436464088, 0.8198529411764706, 0.8446969696969697, 0.832089552238806, 0.87739466077742)
epoch [6] loss: 0.093289 testing_loss: 0.065777 
(0.905361406555242, 0.8250460405156538, 0.7647058823529411, 0.8702928870292888, 0.8140900195694716, 0.8764312447279474)
epoch [7] loss: 0.090511 testing_loss: 0.064624 
(0.9087529845886694, 0.8342541436464088, 0.8125, 0.85, 0.8308270676691729, 0.8782113259668509)
epoch [8] loss: 0.089179 testing_loss: 0.063782 
(0.9098247232472324, 0.8416206261510129, 0.8382352941176471, 0.8444444444444444, 0.8413284132841329, 0.881855523056368)
epoch [9] loss: 0.090531 testing_loss: 0.063453 
(0.9234317343173432, 0.8360957642725598, 0.7867647058823529, 0.8734693877551021, 0.8278529980657641, 0.8835240449771069)
epoch [10] loss: 0.089039 testing_loss: 0.060353 
(0.9291974169741697, 0.8434622467771639, 0.8676470588235294, 0.8280701754385965, 0.8473967684021544, 0.8810077884017811)
epoch [11] loss: 0.085065 testing_loss: 0.058053 
(0.9268504449750379, 0.861878453038674, 0.8382352941176471, 0.8803088803088803, 0.8587570621468926, 0.8997877409885859)
epoch [12] loss: 0.085187 testing_loss: 0.057654 
(0.9273388322118515, 0.8453038674033149, 0.7977941176470589, 0.8821138211382114, 0.8378378378378378, 0.890598536611788)
epoch [13] loss: 0.082433 testing_loss: 0.058123 
(0.9266062513566312, 0.852670349907919, 0.8125, 0.884, 0.8467432950191571, 0.8952113259668507)
epoch [14] loss: 0.085481 testing_loss: 0.058579 
(0.9260364662470154, 0.852670349907919, 0.8308823529411765, 0.8692307692307693, 0.849624060150376, 0.8924138354874461)
epoch [15] loss: 0.080246 testing_loss: 0.059756 
(0.9430079227262861, 0.8674033149171271, 0.8860294117647058, 0.8546099290780141, 0.8700361010830325, 0.8988647901267007)
epoch [16] loss: 0.079483 testing_loss: 0.051493 
(0.939412850010853, 0.8692449355432781, 0.8272058823529411, 0.9036144578313253, 0.8637236084452975, 0.908688254806682)
epoch [17] loss: 0.079125 testing_loss: 0.053461 
(0.9358449099196875, 0.8692449355432781, 0.8786764705882353, 0.8628158844765343, 0.8706739526411658, 0.9011329178638766)
epoch [18] loss: 0.079127 testing_loss: 0.053684 
(0.9268640112871716, 0.850828729281768, 0.7794117647058824, 0.9098712446351931, 0.8396039603960396, 0.8998901234550681)
epoch [19] loss: 0.080211 testing_loss: 0.055939 
(0.9264434556110267, 0.8471454880294659, 0.8529411764705882, 0.8436363636363636, 0.8482632541133455, 0.8851211825764962)
epoch [20] loss: 0.076815 testing_loss: 0.055833 
(0.9206777729542001, 0.8471454880294659, 0.8088235294117647, 0.8764940239043825, 0.8413001912045889, 0.890540912938)
epoch [21] loss: 0.076963 testing_loss: 0.057210 
(0.9323990666377252, 0.858195211786372, 0.8566176470588235, 0.8597785977859779, 0.858195211786372, 0.8941097246323455)
epoch [22] loss: 0.075557 testing_loss: 0.053480 
(0.9270268070327762, 0.858195211786372, 0.9080882352941176, 0.8260869565217391, 0.8651488616462347, 0.890107853734816)
epoch [23] loss: 0.072144 testing_loss: 0.055347 
(0.9248561970913827, 0.8637200736648251, 0.8455882352941176, 0.8778625954198473, 0.8614232209737828, 0.9003994485061537)
epoch [24] loss: 0.073140 testing_loss: 0.056003 
(0.9222921640981115, 0.858195211786372, 0.8786764705882353, 0.8445229681978799, 0.8612612612612612, 0.8919864597245493)
epoch [25] loss: 0.076143 testing_loss: 0.056330 
(0.932643260256132, 0.858195211786372, 0.8529411764705882, 0.862453531598513, 0.8576709796672828, 0.894529766557571)
epoch [26] loss: 0.069407 testing_loss: 0.052876 
(0.9327653570653354, 0.861878453038674, 0.9264705882352942, 0.8208469055374593, 0.8704663212435233, 0.8920749531478869)
epoch [27] loss: 0.072237 testing_loss: 0.053508 
(0.9281256783156068, 0.850828729281768, 0.8492647058823529, 0.8523985239852399, 0.850828729281768, 0.8885848377698922)
epoch [28] loss: 0.073300 testing_loss: 0.054810 
(0.9362925982200998, 0.861878453038674, 0.8492647058823529, 0.8716981132075472, 0.8603351955307262, 0.8982346323810458)
epoch [29] loss: 0.070967 testing_loss: 0.052531 
(0.9350851964401997, 0.850828729281768, 0.7794117647058824, 0.9098712446351931, 0.8396039603960396, 0.8998901234550681)
epoch [30] loss: 0.070026 testing_loss: 0.051464 
(0.920732038202735, 0.8305709023941068, 0.75, 0.8947368421052632, 0.816, 0.884983522341766)
epoch [31] loss: 0.072386 testing_loss: 0.057114 
(0.9303234208812677, 0.861878453038674, 0.8051470588235294, 0.9087136929460581, 0.8538011695906432, 0.9057333224777955)
epoch [32] loss: 0.070449 testing_loss: 0.054309 
(0.9373914695029303, 0.8655616942909761, 0.8492647058823529, 0.8783269961977186, 0.8635514018691589, 0.9015490738761315)
epoch [33] loss: 0.070497 testing_loss: 0.051201 
(0.9352344258736706, 0.8766114180478821, 0.875, 0.8782287822878229, 0.8766114180478821, 0.9079219417884786)
epoch [34] loss: 0.071595 testing_loss: 0.052537 
(0.9272845669633167, 0.852670349907919, 0.8198529411764706, 0.8779527559055118, 0.8479087452471483, 0.894022553881691)
epoch [35] loss: 0.069582 testing_loss: 0.054612 
(0.9339727588452356, 0.8692449355432781, 0.8345588235294118, 0.8972332015810277, 0.8647619047619047, 0.9073324766436176)

epoch 3
(0.7684094855654439, 0.7108655616942909, 0.6544117647058824, 0.7385892116182573, 0.6939571150097466, 0.7830566575911674)
epoch [1] loss: 0.120232 testing_loss: 0.098608 
(0.8136667028434991, 0.7458563535911602, 0.6727941176470589, 0.7887931034482759, 0.7261904761904762, 0.8127457284113874)
epoch [2] loss: 0.108229 testing_loss: 0.087961 
(0.8391171044063381, 0.7734806629834254, 0.6875, 0.8311111111111111, 0.7525150905432596, 0.8375744321669736)
epoch [3] loss: 0.102646 testing_loss: 0.082721 
(0.8372313870197525, 0.7587476979742173, 0.6470588235294118, 0.8341232227488151, 0.7287784679089027, 0.8289888131943621)
epoch [4] loss: 0.097161 testing_loss: 0.081296 
(0.8633601041892771, 0.7826887661141805, 0.6985294117647058, 0.8407079646017699, 0.7630522088353414, 0.8451251338554293)
epoch [5] loss: 0.094476 testing_loss: 0.075333 
(0.8570517690471022, 0.7808471454880295, 0.7279411764705882, 0.8148148148148148, 0.7689320388349514, 0.839517958810289)
epoch [6] loss: 0.090802 testing_loss: 0.075930 
(0.8683796396787498, 0.7955801104972375, 0.7169117647058824, 0.851528384279476, 0.7784431137724551, 0.8551224685994931)
epoch [7] loss: 0.088565 testing_loss: 0.073620 
(0.8683796396787498, 0.7918968692449355, 0.75, 0.8192771084337349, 0.783109404990403, 0.847253655506002)
epoch [8] loss: 0.086694 testing_loss: 0.073091 
(0.889203928803994, 0.8121546961325967, 0.8198529411764706, 0.8079710144927537, 0.8138686131386861, 0.859031683175312)
epoch [9] loss: 0.087665 testing_loss: 0.067929 
(0.8715677230301714, 0.8066298342541437, 0.7573529411764706, 0.8408163265306122, 0.7969052224371374, 0.8598581145165247)
epoch [10] loss: 0.085671 testing_loss: 0.072190 
(0.8916051660516605, 0.8139963167587477, 0.8051470588235294, 0.8202247191011236, 0.8126159554730983, 0.8614888355553284)
epoch [11] loss: 0.085187 testing_loss: 0.067219 
(0.8881321901454308, 0.8139963167587477, 0.7830882352941176, 0.8352941176470589, 0.8083491461100569, 0.8635189849420432)
epoch [12] loss: 0.082094 testing_loss: 0.067158 
(0.8961227479921857, 0.8195211786372008, 0.7757352941176471, 0.8508064516129032, 0.8115384615384615, 0.869440301962881)
epoch [13] loss: 0.080809 testing_loss: 0.064776 
(0.8928668330800955, 0.8176795580110497, 0.8198529411764706, 0.8168498168498168, 0.818348623853211, 0.8634710843538436)
epoch [14] loss: 0.082108 testing_loss: 0.065754 
(0.8972216192750162, 0.8287292817679558, 0.8235294117647058, 0.8327137546468402, 0.8280961182994455, 0.8723204782333973)
epoch [15] loss: 0.078916 testing_loss: 0.064899 
(0.8969909919687431, 0.8232044198895028, 0.8235294117647058, 0.8235294117647058, 0.8235294117647058, 0.8677283067923302)
epoch [16] loss: 0.078610 testing_loss: 0.064783 
(0.8941691990449316, 0.8139963167587477, 0.7683823529411765, 0.8461538461538461, 0.8053949903660886, 0.8652791492712683)
epoch [17] loss: 0.079634 testing_loss: 0.065209 
(0.8991344692858693, 0.8232044198895028, 0.7647058823529411, 0.8666666666666667, 0.8125, 0.8746181345466364)
epoch [18] loss: 0.076637 testing_loss: 0.064117 
(0.9015899717820708, 0.8287292817679558, 0.7683823529411765, 0.8744769874476988, 0.8180039138943248, 0.8794407199181945)
epoch [19] loss: 0.077350 testing_loss: 0.063030 
(0.9053885391795095, 0.8268876611418048, 0.8455882352941176, 0.8156028368794326, 0.8303249097472925, 0.8692695692359464)
epoch [20] loss: 0.075548 testing_loss: 0.062121 
(0.8928532667679616, 0.8213627992633518, 0.8786764705882353, 0.7887788778877888, 0.831304347826087, 0.8641144145695038)
epoch [21] loss: 0.074957 testing_loss: 0.067651 
(0.905035815064033, 0.8268876611418048, 0.9191176470588235, 0.7763975155279503, 0.8417508417508418, 0.868015408181048)
epoch [22] loss: 0.073154 testing_loss: 0.061983 
(0.9027702409377036, 0.8195211786372008, 0.7904411764705882, 0.83984375, 0.8143939393939394, 0.867628651080598)
epoch [23] loss: 0.070313 testing_loss: 0.062644 
(0.8997992185804211, 0.8287292817679558, 0.7794117647058824, 0.8653061224489796, 0.8201160541586073, 0.8776075623619615)
epoch [24] loss: 0.071049 testing_loss: 0.063193 
(0.9040454742782721, 0.8360957642725598, 0.875, 0.8122866894197952, 0.8424778761061947, 0.8749508953544648)
epoch [25] loss: 0.073642 testing_loss: 0.061672 
(0.8974251139570218, 0.8268876611418048, 0.8382352941176471, 0.8201438848920863, 0.8290909090909091, 0.869705243280189)
epoch [26] loss: 0.067740 testing_loss: 0.064179 
(0.8920257217278056, 0.8268876611418048, 0.7941176470588235, 0.8503937007874016, 0.8212927756653993, 0.873821051455341)
epoch [27] loss: 0.070194 testing_loss: 0.065556 
(0.9085766225309313, 0.8287292817679558, 0.8308823529411765, 0.8278388278388278, 0.8293577981651377, 0.8717178647914754)
epoch [28] loss: 0.070439 testing_loss: 0.060416 
(0.9096076622530932, 0.8379373848987108, 0.8088235294117647, 0.859375, 0.8333333333333334, 0.8819814009858087)
epoch [29] loss: 0.071059 testing_loss: 0.059856 
(0.9103131104840461, 0.8379373848987108, 0.8455882352941176, 0.8333333333333334, 0.8394160583941606, 0.8781348174628968)
epoch [30] loss: 0.067647 testing_loss: 0.060260 
(0.8965840026047318, 0.8287292817679558, 0.8125, 0.8403041825095057, 0.8261682242990654, 0.8733634172216036)
epoch [31] loss: 0.070365 testing_loss: 0.064385 
(0.8896109181680051, 0.8453038674033149, 0.8345588235294118, 0.8533834586466166, 0.8438661710037175, 0.885407605176412)
epoch [32] loss: 0.067888 testing_loss: 0.066020 
(0.9054835033644455, 0.8397790055248618, 0.8529411764705882, 0.8315412186379928, 0.8421052631578947, 0.8790736100773107)
epoch [33] loss: 0.070137 testing_loss: 0.062386 
(0.8868026915563273, 0.8305709023941068, 0.8382352941176471, 0.8260869565217391, 0.8321167883211679, 0.8726767790950154)
epoch [34] loss: 0.069945 testing_loss: 0.067648 
(0.9010337529845885, 0.8305709023941068, 0.8970588235294118, 0.7922077922077922, 0.8413793103448276, 0.8704159966347161)
epoch [35] loss: 0.068670 testing_loss: 0.062905 
(0.9042218363360104, 0.8397790055248618, 0.8161764705882353, 0.8571428571428571, 0.8361581920903954, 0.8827001795193216)
epoch [36] loss: 0.067595 testing_loss: 0.061470 
(0.8993108313436076, 0.8397790055248618, 0.8529411764705882, 0.8315412186379928, 0.8421052631578947, 0.8790736100773107)
epoch [37] loss: 0.065649 testing_loss: 0.064112 
(0.9062296505317995, 0.8342541436464088, 0.8529411764705882, 0.8226950354609929, 0.8375451263537906, 0.8746505184888107)
epoch [38] loss: 0.064010 testing_loss: 0.062756 
(0.8872096809203386, 0.8195211786372008, 0.7830882352941176, 0.8452380952380952, 0.8129770992366412, 0.8684909737375615)
epoch [39] loss: 0.065551 testing_loss: 0.068396 
(0.9014543086607336, 0.8305709023941068, 0.7830882352941176, 0.8658536585365854, 0.8223938223938224, 0.8787987553868063)
epoch [40] loss: 0.067144 testing_loss: 0.063275 
(0.9034078576079878, 0.8416206261510129, 0.8419117647058824, 0.8419117647058824, 0.8419117647058824, 0.8815066081681291)
epoch [41] loss: 0.063791 testing_loss: 0.062407 
(0.9052800086824397, 0.8342541436464088, 0.8823529411764706, 0.8053691275167785, 0.8421052631578947, 0.8733269643650408)
epoch [42] loss: 0.064494 testing_loss: 0.062396 
(0.9090650097677447, 0.8416206261510129, 0.8602941176470589, 0.8297872340425532, 0.8447653429602888, 0.8800314677416753)
epoch [43] loss: 0.063479 testing_loss: 0.060840 
(0.8939114391143912, 0.8324125230202578, 0.8345588235294118, 0.8315018315018315, 0.8330275229357799, 0.8744667916040195)
epoch [44] loss: 0.061373 testing_loss: 0.066441 
(0.894481224224007, 0.8268876611418048, 0.875, 0.7986577181208053, 0.8350877192982457, 0.86813640970497)
epoch [45] loss: 0.065350 testing_loss: 0.065942 
(0.8997585196440199, 0.8342541436464088, 0.8860294117647058, 0.8033333333333333, 0.8426573426573427, 0.8732264922543602)
epoch [46] loss: 0.063660 testing_loss: 0.063256 
(0.9001248100716301, 0.8305709023941068, 0.8933823529411765, 0.7941176470588235, 0.8408304498269896, 0.8704534990791896)
epoch [47] loss: 0.062650 testing_loss: 0.064391 
(0.9102859778597786, 0.8471454880294659, 0.8529411764705882, 0.8436363636363636, 0.8482632541133455, 0.8851211825764962)
epoch [48] loss: 0.063457 testing_loss: 0.060140 
(0.8970588235294118, 0.8397790055248618, 0.8088235294117647, 0.8627450980392157, 0.8349146110056926, 0.8836664500054165)
epoch [49] loss: 0.061051 testing_loss: 0.064583 
(0.8953766008248318, 0.8287292817679558, 0.8125, 0.8403041825095057, 0.8261682242990654, 0.8733634172216036)
epoch [50] loss: 0.062808 testing_loss: 0.065910 
[0.8953766  0.82872928 0.8125     0.84030418 0.82616822 0.87336342]
4
(0.7840243108313436, 0.7237569060773481, 0.6531365313653137, 0.759656652360515, 0.7023809523809523, 0.792952761292012)
epoch [1] loss: 0.120550 testing_loss: 0.097308 
(0.8002903190796613, 0.7513812154696132, 0.6900369003690037, 0.7857142857142857, 0.7347740667976425, 0.8152236593399872)
epoch [2] loss: 0.108287 testing_loss: 0.090764 
(0.8419388973301497, 0.7753222836095764, 0.7269372693726938, 0.8040816326530612, 0.7635658914728682, 0.8336494141804649)
epoch [3] loss: 0.102296 testing_loss: 0.082356 
(0.8425493813761666, 0.7734806629834254, 0.7158671586715867, 0.8083333333333333, 0.7592954990215264, 0.8330026401092739)
epoch [4] loss: 0.097693 testing_loss: 0.080635 
(0.8561835250705448, 0.7900552486187845, 0.8376383763837638, 0.7643097643097643, 0.7992957746478874, 0.8414897241220862)
epoch [5] loss: 0.094420 testing_loss: 0.077045 
(0.8650287605817234, 0.8047882136279927, 0.8339483394833949, 0.7874564459930313, 0.8100358422939068, 0.8521388568266108)
epoch [6] loss: 0.091000 testing_loss: 0.074669 
(0.8613794226177556, 0.8011049723756906, 0.8081180811808119, 0.7963636363636364, 0.8021978021978022, 0.8501229950521505)
epoch [7] loss: 0.088890 testing_loss: 0.075564 
(0.8684746038636858, 0.8103130755064457, 0.8007380073800738, 0.8157894736842105, 0.8081936685288641, 0.8579874974382196)
epoch [8] loss: 0.087956 testing_loss: 0.073267 
(0.8760581723464294, 0.8121546961325967, 0.7970479704797048, 0.8212927756653993, 0.8089887640449438, 0.8598149402917049)
epoch [9] loss: 0.087877 testing_loss: 0.071096 
(0.8806435858476234, 0.8250460405156538, 0.8265682656826568, 0.8235294117647058, 0.8250460405156538, 0.8683269234382301)
epoch [10] loss: 0.085070 testing_loss: 0.069933 
(0.8836010418927719, 0.8213627992633518, 0.8782287822878229, 0.7880794701986755, 0.8307155322862129, 0.8635408665747409)
epoch [11] loss: 0.083242 testing_loss: 0.069511 
(0.885323963533753, 0.8360957642725598, 0.8191881918819188, 0.8473282442748091, 0.8330206378986866, 0.8783779234190638)
epoch [12] loss: 0.082570 testing_loss: 0.068576 
(0.8901671369654873, 0.8324125230202578, 0.8560885608856088, 0.8169014084507042, 0.836036036036036, 0.8724065868781012)
epoch [13] loss: 0.080952 testing_loss: 0.067350 
(0.8946711525938789, 0.8416206261510129, 0.8487084870848709, 0.8363636363636363, 0.8424908424908425, 0.8802892845603494)
epoch [14] loss: 0.082733 testing_loss: 0.066125 
(0.8965297373561971, 0.848987108655617, 0.8560885608856088, 0.8436363636363636, 0.8498168498168498, 0.885774064470931)
epoch [15] loss: 0.076851 testing_loss: 0.064830 
(0.8935722813110485, 0.8416206261510129, 0.8265682656826568, 0.8517110266159695, 0.8389513108614233, 0.8824177308638619)
epoch [16] loss: 0.077633 testing_loss: 0.066143 
(0.8918357933579335, 0.8360957642725598, 0.8634686346863468, 0.8181818181818182, 0.8402154398563735, 0.8748952080178763)
epoch [17] loss: 0.079873 testing_loss: 0.066664 
(0.8879693943998264, 0.8416206261510129, 0.8154981549815498, 0.8599221789883269, 0.8371212121212122, 0.8837506826387136)
epoch [18] loss: 0.075251 testing_loss: 0.067278 
(0.8978185370088995, 0.848987108655617, 0.8339483394833949, 0.8593155893536122, 0.846441947565543, 0.8880684285069014)
epoch [19] loss: 0.076216 testing_loss: 0.064524 
(0.8963262426741916, 0.8416206261510129, 0.8376383763837638, 0.8438661710037175, 0.8407407407407408, 0.881267927469063)
epoch [20] loss: 0.074321 testing_loss: 0.064773 
(0.8887969394399828, 0.8268876611418048, 0.8487084870848709, 0.8127208480565371, 0.8303249097472925, 0.8684678904067997)
epoch [21] loss: 0.073988 testing_loss: 0.067327 
(0.894196331669199, 0.8360957642725598, 0.8856088560885609, 0.8053691275167785, 0.843585237258348, 0.8740341115080104)
epoch [22] loss: 0.073259 testing_loss: 0.066917 
(0.8922020837855437, 0.8453038674033149, 0.8450184501845018, 0.8450184501845018, 0.8450184501845018, 0.8836924833336731)
epoch [23] loss: 0.071033 testing_loss: 0.065338 
(0.896489038419796, 0.852670349907919, 0.8265682656826568, 0.8715953307392996, 0.8484848484848485, 0.892359882925527)
epoch [24] loss: 0.072319 testing_loss: 0.064479 
(0.8998670501410897, 0.8471454880294659, 0.8892988929889298, 0.8197278911564626, 0.8530973451327434, 0.8821377014649614)
epoch [25] loss: 0.073663 testing_loss: 0.064307 
(0.8916865639244628, 0.850828729281768, 0.8523985239852399, 0.8492647058823529, 0.850828729281768, 0.8876640274568166)
epoch [26] loss: 0.066398 testing_loss: 0.065671 
(0.8965433036683307, 0.8453038674033149, 0.8560885608856088, 0.8375451263537906, 0.8467153284671532, 0.8827284458296445)
epoch [27] loss: 0.069560 testing_loss: 0.064400 
(0.8946711525938789, 0.8416206261510129, 0.9261992619926199, 0.7917981072555205, 0.8537414965986394, 0.8774148908855803)
epoch [28] loss: 0.072326 testing_loss: 0.065296 
(0.8881457564575647, 0.8453038674033149, 0.915129151291513, 0.8025889967637541, 0.8551724137931035, 0.88003771122837)
epoch [29] loss: 0.070581 testing_loss: 0.066106 
(0.8977642717603647, 0.848987108655617, 0.8745387453874539, 0.8315789473684211, 0.8525179856115108, 0.8843663970225046)
epoch [30] loss: 0.068234 testing_loss: 0.065128 
(0.8953630345126979, 0.8360957642725598, 0.8856088560885609, 0.8053691275167785, 0.843585237258348, 0.8740341115080104)
epoch [31] loss: 0.069353 testing_loss: 0.065886 
(0.8982255263729109, 0.852670349907919, 0.8929889298892989, 0.825938566552901, 0.8581560283687943, 0.8861672473002896)
epoch [32] loss: 0.070853 testing_loss: 0.063571 
(0.895647927067506, 0.850828729281768, 0.8634686346863468, 0.841726618705036, 0.8524590163934426, 0.8866676082794851)
epoch [33] loss: 0.069796 testing_loss: 0.063879 
(0.8944947905361408, 0.848987108655617, 0.8413284132841329, 0.8539325842696629, 0.8475836431226765, 0.8872253422391445)
epoch [34] loss: 0.069933 testing_loss: 0.065607 
(0.8886612763186457, 0.8397790055248618, 0.9261992619926199, 0.789308176100629, 0.8522920203735145, 0.8761699253081345)
epoch [35] loss: 0.068875 testing_loss: 0.065418 
(0.8880100933362275, 0.8397790055248618, 0.922509225092251, 0.7911392405063291, 0.8517887563884157, 0.8761612493738756)
epoch [36] loss: 0.067917 testing_loss: 0.066798 
(0.8948339483394834, 0.848987108655617, 0.8892988929889298, 0.8225255972696246, 0.8546099290780141, 0.8835365545215423)
epoch [37] loss: 0.065616 testing_loss: 0.065442 
(0.8924191447796832, 0.8453038674033149, 0.8708487084870848, 0.8280701754385965, 0.8489208633093526, 0.8816878029204833)
epoch [38] loss: 0.062418 testing_loss: 0.065942 
(0.8870740177990014, 0.8397790055248618, 0.8154981549815498, 0.8565891472868217, 0.8355387523629489, 0.8820841667879611)
epoch [39] loss: 0.064230 testing_loss: 0.068760 
(0.8991209029737355, 0.8416206261510129, 0.8450184501845018, 0.8388278388278388, 0.8419117647058824, 0.8805971776553417)
epoch [40] loss: 0.067698 testing_loss: 0.064057 
(0.8938436075537225, 0.8360957642725598, 0.8819188191881919, 0.8074324324324325, 0.8430335097001763, 0.8741415558287284)
epoch [41] loss: 0.065283 testing_loss: 0.065944 
(0.8979948990666379, 0.8416206261510129, 0.8191881918819188, 0.8571428571428571, 0.8377358490566038, 0.8832852298530879)
epoch [42] loss: 0.065014 testing_loss: 0.063421 
(0.8965161710440633, 0.8360957642725598, 0.8782287822878229, 0.8095238095238095, 0.8424778761061947, 0.8742630362373079)
epoch [43] loss: 0.061750 testing_loss: 0.065054 
(0.8936536791838506, 0.850828729281768, 0.8302583025830258, 0.8653846153846154, 0.847457627118644, 0.890178733385294)
epoch [44] loss: 0.063204 testing_loss: 0.067129 
(0.8844285869329283, 0.8268876611418048, 0.7822878228782287, 0.8582995951417004, 0.8185328185328186, 0.8746215174814195)
epoch [45] loss: 0.063154 testing_loss: 0.068921 
(0.8890546993705231, 0.8324125230202578, 0.8671586715867159, 0.8103448275862069, 0.8377896613190731, 0.8719009208571796)
epoch [46] loss: 0.062188 testing_loss: 0.066925 
(0.8975743433904927, 0.8379373848987108, 0.9114391143911439, 0.7942122186495176, 0.8487972508591065, 0.8749251140341429)
epoch [47] loss: 0.061651 testing_loss: 0.065484 
(0.90012481007163, 0.850828729281768, 0.8671586715867159, 0.8392857142857143, 0.852994555353902, 0.8863713642069333)
epoch [48] loss: 0.061928 testing_loss: 0.063919 
(0.8973572823963534, 0.848987108655617, 0.8450184501845018, 0.8513011152416357, 0.8481481481481481, 0.8868338158622401)
epoch [49] loss: 0.061859 testing_loss: 0.064298 
(0.8882814195789016, 0.8305709023941068, 0.7749077490774908, 0.8713692946058091, 0.8203125, 0.8793079509392558)
epoch [50] loss: 0.061353 testing_loss: 0.067837 
[0.88828142 0.8305709  0.77490775 0.87136929 0.8203125  0.87930795]

5
0.7863848491426091, 0.7348066298342542, 0.7158671586715867, 0.7432950191570882, 0.7293233082706767, 0.8004834830211515)
epoch [1] loss: 0.121097 testing_loss: 0.095450 
(0.8253201649663555, 0.7569060773480663, 0.6678966789667896, 0.8116591928251121, 0.7327935222672065, 0.8226508640727463)
epoch [2] loss: 0.109933 testing_loss: 0.086373 
(0.8504449750379857, 0.7937384898710865, 0.8081180811808119, 0.7849462365591398, 0.7963636363636364, 0.8444142951499021)
epoch [3] loss: 0.103144 testing_loss: 0.079386 
(0.8431327327979163, 0.7790055248618785, 0.7785977859778598, 0.7785977859778598, 0.7785977859778598, 0.8338464047623901)
epoch [4] loss: 0.097537 testing_loss: 0.079271 
(0.8636449967440851, 0.7937384898710865, 0.8782287822878229, 0.750788643533123, 0.8095238095238095, 0.8448954532419647)
epoch [5] loss: 0.093959 testing_loss: 0.075725 
(0.8682711091816802, 0.8029465930018416, 0.8118081180811808, 0.7971014492753623, 0.8043875685557587, 0.8514161096451224)
epoch [6] loss: 0.090558 testing_loss: 0.074316 
(0.8763023659648361, 0.8139963167587477, 0.8228782287822878, 0.8079710144927537, 0.8153564899451554, 0.8596235166651451)
epoch [7] loss: 0.089664 testing_loss: 0.071739 
(0.8777946602995442, 0.8084714548802947, 0.8265682656826568, 0.797153024911032, 0.8115942028985508, 0.8551387300113933)
epoch [8] loss: 0.089812 testing_loss: 0.070942 
(0.8540943130019536, 0.7863720073664825, 0.7121771217712177, 0.8354978354978355, 0.7689243027888446, 0.8456606830544162)
epoch [9] loss: 0.088322 testing_loss: 0.076276 
(0.8722324723247233, 0.7900552486187845, 0.7195571955719557, 0.8369098712446352, 0.7738095238095238, 0.8482151172020339)
epoch [10] loss: 0.088036 testing_loss: 0.071260 
^[[B^[[B(0.8690172563490342, 0.7845303867403315, 0.8081180811808119, 0.7711267605633803, 0.7891891891891892, 0.8375045571520223)
epoch [11] loss: 0.084311 testing_loss: 0.071506 
(0.894576188408943, 0.8250460405156538, 0.8265682656826568, 0.8235294117647058, 0.8250460405156538, 0.8683269234382301)
epoch [12] loss: 0.083009 testing_loss: 0.065942 
(0.8921613848491426, 0.8176795580110497, 0.8265682656826568, 0.8115942028985508, 0.8190127970749543, 0.8623593190051526)
epoch [13] loss: 0.079251 testing_loss: 0.066056 
(0.8731685478619493, 0.8029465930018416, 0.8044280442804428, 0.8014705882352942, 0.8029465930018416, 0.8517522628508704)
epoch [14] loss: 0.081516 testing_loss: 0.070625 
(0.8832890167136966, 0.7955801104972375, 0.8044280442804428, 0.7898550724637681, 0.7970749542961609, 0.8459445049651073)
epoch [15] loss: 0.078368 testing_loss: 0.068335 
(0.893925005426525, 0.8232044198895028, 0.8376383763837638, 0.8136200716845878, 0.8254545454545454, 0.8661448778094981)
epoch [16] loss: 0.078794 testing_loss: 0.065794 
(0.8887969394399825, 0.8103130755064457, 0.7380073800738007, 0.8620689655172413, 0.7952286282306164, 0.865415705023882)
epoch [17] loss: 0.078933 testing_loss: 0.066851 
(0.889760147601476, 0.8066298342541437, 0.8560885608856088, 0.7785234899328859, 0.8154657293497364, 0.8532176276191921)
epoch [18] loss: 0.077732 testing_loss: 0.066861 
(0.8909675493813761, 0.8213627992633518, 0.7933579335793358, 0.83984375, 0.8159392789373814, 0.8681662193218963)
epoch [19] loss: 0.077874 testing_loss: 0.066508 
(0.8874810071630127, 0.8268876611418048, 0.8560885608856088, 0.8083623693379791, 0.8315412186379928, 0.8681370673217387)
epoch [20] loss: 0.075877 testing_loss: 0.066925 
(0.8808063815932277, 0.8139963167587477, 0.8856088560885609, 0.7741935483870968, 0.8261617900172117, 0.8584463219431695)
epoch [21] loss: 0.074501 testing_loss: 0.069235 
(0.8942912958541349, 0.8232044198895028, 0.9077490774907749, 0.7760252365930599, 0.8367346938775511, 0.8649074148688052)
epoch [22] loss: 0.075235 testing_loss: 0.065038 
(0.8987546125461255, 0.8232044198895028, 0.9077490774907749, 0.7760252365930599, 0.8367346938775511, 0.8649074148688052)
epoch [23] loss: 0.071995 testing_loss: 0.063593 
(0.8931652919470371, 0.8305709023941068, 0.7822878228782287, 0.8653061224489796, 0.8217054263565892, 0.8781247811350591)
epoch [24] loss: 0.073072 testing_loss: 0.065797 
(0.887467440850879, 0.8195211786372008, 0.8007380073800738, 0.8314176245210728, 0.8157894736842105, 0.8658015728566506)
epoch [25] loss: 0.075253 testing_loss: 0.067047 
(0.9073963533752984, 0.8397790055248618, 0.8413284132841329, 0.8382352941176471, 0.8397790055248618, 0.8793766971631367)
epoch [26] loss: 0.068178 testing_loss: 0.061351 
(0.9045067288908183, 0.8434622467771639, 0.8191881918819188, 0.8604651162790697, 0.8393194706994329, 0.8849463594211942)
epoch [27] loss: 0.071413 testing_loss: 0.062448 
(0.8932873887562406, 0.8287292817679558, 0.8228782287822878, 0.832089552238806, 0.8274582560296846, 0.8716827855381712)
epoch [28] loss: 0.071660 testing_loss: 0.066473 
(0.8973165834599521, 0.8305709023941068, 0.8929889298892989, 0.7934426229508197, 0.8402777777777778, 0.869919275499249)
epoch [29] loss: 0.070799 testing_loss: 0.064219 
(0.8974929455176904, 0.8453038674033149, 0.8892988929889298, 0.8169491525423729, 0.8515901060070671, 0.8807483321579166)
epoch [30] loss: 0.069066 testing_loss: 0.064509 
(0.8952952029520296, 0.8342541436464088, 0.8376383763837638, 0.8315018315018315, 0.8345588235294118, 0.8750857577181199)
epoch [31] loss: 0.071525 testing_loss: 0.065797 
(0.8885663121337096, 0.8324125230202578, 0.8671586715867159, 0.8103448275862069, 0.8377896613190731, 0.8719009208571796)
epoch [32] loss: 0.071943 testing_loss: 0.065830 
(0.8978185370088995, 0.8342541436464088, 0.8450184501845018, 0.8267148014440433, 0.8357664233576643, 0.8745406589634438)
epoch [33] loss: 0.071118 testing_loss: 0.064136 
(0.8960820490557846, 0.8213627992633518, 0.8966789667896679, 0.7788461538461539, 0.8336192109777015, 0.863545249084025)
epoch [34] loss: 0.071146 testing_loss: 0.064428 
(0.8979677664423703, 0.8250460405156538, 0.7416974169741697, 0.8893805309734514, 0.8088531187122736, 0.879995695889096)
epoch [35] loss: 0.067952 testing_loss: 0.064211 
(0.8876573692207511, 0.8250460405156538, 0.8450184501845018, 0.8120567375886525, 0.8282097649186256, 0.8672116270357484)
epoch [36] loss: 0.068181 testing_loss: 0.067460 
(0.8926362057738224, 0.8287292817679558, 0.8745387453874539, 0.8006756756756757, 0.8359788359788359, 0.868914761176132)
epoch [37] loss: 0.066463 testing_loss: 0.065343 
(0.8906690905144347, 0.8250460405156538, 0.9040590405904059, 0.7802547770700637, 0.8376068376068376, 0.866097976970198)
epoch [38] loss: 0.065282 testing_loss: 0.066384 
(0.8921206859127414, 0.8250460405156538, 0.9114391143911439, 0.7767295597484277, 0.8387096774193549, 0.8661837845835979)
epoch [39] loss: 0.067461 testing_loss: 0.066352 
(0.8989038419795964, 0.8416206261510129, 0.8376383763837638, 0.8438661710037175, 0.8407407407407408, 0.881267927469063)
epoch [40] loss: 0.068717 testing_loss: 0.063320 
(0.8935451486867809, 0.8287292817679558, 0.8376383763837638, 0.822463768115942, 0.829981718464351, 0.8705667260251752)
epoch [41] loss: 0.066339 testing_loss: 0.065518 
(0.9022140221402215, 0.8287292817679558, 0.8745387453874539, 0.8006756756756757, 0.8359788359788359, 0.868914761176132)
epoch [42] loss: 0.066361 testing_loss: 0.062854 
(0.9025803125678316, 0.8434622467771639, 0.8487084870848709, 0.8394160583941606, 0.8440366972477065, 0.8818154955756115)
epoch [43] loss: 0.064020 testing_loss: 0.063003 
(0.8888376383763839, 0.8397790055248618, 0.8413284132841329, 0.8382352941176471, 0.8397790055248618, 0.8793766971631367)
epoch [44] loss: 0.064282 testing_loss: 0.067113 
(0.8914695029303233, 0.8342541436464088, 0.8191881918819188, 0.844106463878327, 0.8314606741573034, 0.8767670332208226)
epoch [45] loss: 0.065350 testing_loss: 0.065339 
(0.8959735185587149, 0.8268876611418048, 0.8265682656826568, 0.8265682656826568, 0.8265682656826568, 0.8698463503972057)
epoch [46] loss: 0.063815 testing_loss: 0.064760 
(0.905225743433905, 0.848987108655617, 0.8228782287822878, 0.867704280155642, 0.8446969696969697, 0.8894901494965892)
epoch [47] loss: 0.064172 testing_loss: 0.061532 
(0.8957157586281745, 0.8084714548802947, 0.915129151291513, 0.7537993920972644, 0.8266666666666667, 0.8556429088951253)